000000000
000000000
000000000
000000000
000000000
000000000
000000000
000000000
000000000
000000000
000000000
000000000
000000000
000000000
000000000
FFFFC0F1A
FFFFCCF91
0000C155D
0000D511F
FFFFA6361
FFFF49E85
000000000
000000000
000000000
000000000
000000000
000000000
000000000
000000000
000000000
000000000
FEE41FC8D
0026B2B5B
FED339B89
05272D755
06EC5FD65
FD31C9776
F4F6F09B4
0122B65B8
032882822
000000000
000000000
000000000
000000000
000000000
000000000
000000000
000000000
000000000
000000000
000000000
000000000
